$ 1 0.000005 1.5642631884188172 32 5 43
w 288 272 288 256 0
r 288 160 288 208 0 1
r 384 112 432 112 0 1
r 368 128 368 176 0 1
r 432 128 432 176 0 1
p 352 80 416 80 1 0 0
r 304 112 352 112 0 0.5
r 368 192 368 240 0 1
r 400 192 400 240 0 1
r 432 192 432 240 0 1
370 400 240 400 272 1 0 0
r 240 144 240 208 0 2.5
w 288 112 256 112 0
w 240 208 240 272 0
w 256 272 288 272 0
w 240 272 256 272 0
w 256 112 240 112 0
w 240 112 240 144 0
w 288 160 288 112 0
w 288 112 304 112 0
w 352 112 368 112 0
w 368 112 384 112 0
w 432 112 432 128 0
w 368 112 368 128 0
w 368 176 400 176 0
w 432 176 400 176 0
w 400 176 400 192 0
w 368 176 368 192 0
w 432 176 432 192 0
w 368 240 368 272 0
w 432 240 432 272 0
w 432 272 400 272 0
w 400 272 368 272 0
w 368 272 288 272 0
w 352 80 288 80 0
w 288 80 288 112 0
w 416 80 432 80 0
w 432 80 432 112 0
v 288 256 288 208 0 0 40 15.5 0 0 0.5
o 5 64 0 4098 40 0.1 0 7 10 0 10 3 6 0 6 3 7 0 7 3
