$ 1 0.000005 1.5642631884188172 32 5 43
r 304 160 304 208 0 1
w 304 160 304 144 0
w 304 144 288 144 0
r 384 112 432 112 0 1
r 368 144 368 192 0 1
r 432 144 432 192 0 1
p 288 80 352 80 1 0 0
r 320 112 352 112 0 1
w 304 144 320 144 0
w 352 144 368 144 0
w 432 192 432 208 0
r 368 208 368 256 0 1
r 400 208 400 256 0 1
r 432 208 432 256 0 1
w 368 192 368 208 0
w 368 192 400 192 0
w 400 192 432 192 0
w 400 192 400 208 0
370 144 192 144 240 1 0 0
r 320 144 352 144 0 1
w 304 144 304 112 0
w 304 112 288 112 0
r 288 112 224 112 0 1
r 288 144 224 144 0 1
r 208 160 208 224 0 1
r 208 240 208 288 0 1
w 208 224 208 240 0
v 304 272 304 208 0 0 40 15.5 0 0 0.5
w 432 144 432 112 0
w 352 112 368 112 0
w 368 112 368 144 0
w 368 112 384 112 0
w 224 112 208 112 0
w 224 144 208 144 0
w 208 112 208 144 0
w 208 144 208 160 0
w 208 288 304 288 0
w 432 256 400 256 0
w 400 256 368 256 0
w 368 256 368 272 0
w 368 272 304 272 0
w 304 288 304 272 0
w 304 112 320 112 0
o 6 64 0 4098 20 0.1 0 7 18 0 18 3 7 0 7 3 11 0 11 3
