$ 1 0.000005 1.5642631884188172 32 5 43
i 288 256 288 208 0 15.5
w 288 272 288 256 0
r 304 160 304 208 0 1
w 288 208 304 208 0
w 304 160 304 144 0
w 304 144 288 144 0
w 400 144 416 144 0
r 416 144 464 144 0 1
w 464 144 464 208 0
r 400 208 400 256 0 1
r 464 208 464 256 0 1
w 288 384 288 320 0
p 352 80 416 80 1 0 0
w 304 80 352 80 0
w 416 80 464 80 0
r 352 144 384 144 0 1
w 336 144 352 144 0
w 384 144 400 144 0
w 464 256 464 272 0
w 464 368 464 384 0
r 400 272 400 320 0 1
r 432 272 432 320 0 1
r 464 272 464 320 0 1
w 400 256 400 272 0
w 400 256 432 256 0
w 432 256 464 256 0
w 432 256 432 272 0
w 432 368 432 384 0
w 400 368 400 384 0
w 464 384 432 384 0
w 432 384 400 384 0
w 400 384 288 384 0
w 288 320 288 272 0
w 400 320 400 368 0
w 464 320 464 368 0
370 432 320 432 368 1 0 0
r 352 176 384 176 0 1
w 336 176 352 176 0
w 400 144 400 176 0
w 400 176 400 208 0
w 384 176 400 176 0
w 304 144 304 112 0
w 304 112 336 144 0
w 304 144 336 176 0
w 304 112 288 112 0
r 288 112 224 112 0 1
r 288 144 224 144 0 1
r 192 160 192 224 0 1
r 192 240 192 288 0 1
w 224 112 192 112 0
w 224 144 192 144 0
w 192 112 192 144 0
w 192 144 192 160 0
w 192 224 192 240 0
w 192 288 288 272 0
w 304 80 304 112 0
w 464 80 464 144 0
o 12 64 0 4098 40 0.1 0 7 35 0 35 3 15 0 15 3 20 0 20 3
